月份
当月税前工资
累计税前工资
当月五险一金
累计五险一金
累计减除费用
当月个税
当月税后工资
1
28,000
28,000
6,300
6,300
0
651
21,049
2
28,000
56,000
6,300
12,600
0
669
21,031
3
28,000
84,000
6,300
18,900
0
1,670
20,030
4
28,000
112,000
6,300
25,200
0
1,670
20,030
5
28,000
140,000
6,300
31,500
0
1,670
20,030
6
28,000
168,000
6,300
37,800
0
1,670
20,030
7
28,000
196,000
6,300
44,100
0
1,670
20,030
8
28,000
224,000
6,300
50,400
0
1,670
20,030
9
28,000
252,000
6,300
56,700
0
2,800
18,900
10
28,000
280,000
6,300
63,000
0
3,340
18,360
11
28,000
308,000
6,300
69,300
0
3,340
18,360
12
28,000
336,000
6,300
75,600
0
3,340
18,360